145,63
130,37
130,41
120,56
120,57
140,57
140,56
120,44
172,52
150,57
140,54
130,48
130,49
110,64
150,58
120,50
120,58
150,66
150,43
140,69
135,59
130,44
140,42
150,61
140,40
160,71
150,59
110,51
140,65
130,53
105,41
120,65
130,44
125,54
125,51
142,46
135,54
150,54
155,65
160,65
140,51
130,48
104,45
130,53
140,39
120,52
140,44
138,47
128,53
138,53
130,51
120,66
130,62
108,44
135,63
134,52
122,48
115,45
118,34
128,57
110,71
108,54
118,52
135,41
140,58
138,35
100,51
130,45
120,44
124,62
120,54
94,51
130,29
140,51
122,43
135,55
125,51
140,59
128,52
105,58
112,41
128,45
102,60
152,52
102,42
115,67
118,68
101,46
110,54
100,58
124,48
132,57
138,52
132,54
112,45
142,53
140,62
108,52
130,43
130,53
148,42
178,59
140,63
120,42
129,50
120,68
160,69
138,45
120,50
110,50
180,64
150,57
140,64
110,43
130,55
120,37
130,41
120,56
105,46
138,46
130,64
138,59
112,41
108,54
94,39
118,34
112,47
152,67
136,52
120,74
160,54
134,49
120,42
110,41
126,41
130,49
120,60
128,62
110,57
128,64
120,51
115,43
120,42
106,67
140,76
156,70
118,44
150,60
120,44
130,42
160,66
112,71
170,64
146,66
138,39
130,58
130,47
122,35
125,58
130,56
120,56
132,55
120,41
138,38
138,38
160,67
120,67
140,62
130,63
140,53
130,56
110,48
120,58
132,58
130,60
110,40
117,60
140,64
120,43
150,57
132,55
150,65
130,61
112,58
150,50
112,44
130,60
124,54
140,50
110,41
130,51
128,58
120,54
145,60
140,60
170,59
150,46
125,67
120,62
110,65
110,44
125,60
150,58
180,68
160,62
128,52
110,59
150,60
120,49
140,59
128,57
120,61
118,39
145,61
125,56
132,43
130,62
130,63
135,65
130,48
150,63
140,55
138,65
200,56
110,54
145,70
120,62
120,35
170,59
125,64
108,47
165,57
160,55
120,64
130,70
140,51
125,58
140,60
125,77
126,35
160,70
174,59
145,64
152,57
132,56
124,48
134,56
160,66
192,54
140,69
140,51
132,43
138,62
100,67
160,59
142,45
128,58
144,50
150,62
120,38
178,66
112,52
123,53
108,63
110,54
112,66
180,55
118,49
122,54
130,56
120,46
134,61
120,67
100,58
110,47
125,52
146,58
124,57
136,58
138,61
136,42
128,52
126,59
152,40
140,61
140,46
134,59
154,57
110,57
128,55
148,61
114,58
170,58
152,67
120,44
140,63
124,63
164,59
140,57
110,45
144,68
130,57
130,57
